 13307
 12822
 11548
һ 11367
 10416
 9909
 8096
 7569
 7543
 7469
 7133
ɽ 6717
 6479
 6427
ʱ 6409
 6365
 5895
 5802
 5698
 5634
 5578
 5453
 5416
 5289
ˮ 5193
 5142
ȥ 5111
 5038
 4961
 4919
˭ 4662
 4617
 4585
 4508
 4443
 4415
ǧ 4308
 4303
 4298
 4277
 4277
 4196
 4087
 4038
 4003
 3974
ҹ 3969
 3965
 3932
 3910
 3893
 3890
 3889
 3889
 3823
δ 3741
 3697
 3642
 3637
 3621
С 3599
 3555
 3511
 3500
Ц 3498
 3421
 3405
 3385
ǰ 3353
 3350
Ϊ 3334
 3304
 3291
¥ 3280
 3253
֪ 3246
 3220
 3213
 3199
 3157
 3087
 3076
 3066
 3055
 3045
 3044
 3031
 3013
 2995
 2964
÷ 2954
 2946
 2939
 2919
 2866
 2866
 2854
 2834
 2826
 2820
ͷ 2813
 2807
 2790
 2777
 2772
 2756
ѩ 2731
 2726
 2714
 2706
 2684
 2677
 2628
 2574
 2566
 2550
 2515
֦ 2485
 2483
 2463
 2451
 2442
 2421
 2357
 2356
 2322
 2317
 2308
Ӱ 2278
ʮ 2276
 2273
 2272
 2258
· 2247
˼ 2243
˫ 2220
 2218
ɫ 2213
Զ 2201
 2195
 2183
 2176
 2169
Ī 2165
ƽ 2135
 2132
ֻ 2111
 2108
 2101
Ӧ 2101
 2096
 2088
 2087
 2071
 2068
 2058
 2044
 2039
 2027
 2018
 2016
 2012
Ҳ 1999
 1985
 1976
 1966
 1951
 1931
 1921
ͬ 1915
¶ 1899
 1897
 1887
 1874
 1859
 1856
 1853
 1828
ȴ 1820
 1809
 1803
 1801
 1791
 1785
 1776
 1775
 1774
Ҷ 1772
 1762
 1754
 1750
 1748
 1746
 1744
 1731
 1726
б 1720
 1708
 1698
 1695
 1691
 1674
Ȼ 1658
̨ 1655
 1649
˪ 1641
 1637
 1635
ĺ 1633
 1633
 1609
 1607
 1569
 1567
 1558
 1556
ü 1555
 1555
 1550
Ϫ 1548
 1547
 1546
ʫ 1544
 1539
 1533
 1530
 1516
 1499
˵ 1498
 1497
 1493
ױ 1491
 1491
 1488
 1483
 1480
 1477
 1473
 1472
 1471
ϸ 1469
 1468
 1456
 1455
 1439
 1435
 1435
 1419
 1416
 1401
 1397
΢ 1395
 1395
 1394
֮ 1391
Ѱ 1379
 1376
 1375
 1374
 1373
 1367
 1358
 1356
 1356
 1356
ͥ 1354
 1352
 1346
 1339
 1336
 1336
 1336
 1331
 1328
 1322
 1320
 1311
 1304
 1301
 1300
ͤ 1296
 1296
 1284
 1284
 1261
 1251
 1250
ݺ 1244
 1243
 1236
 1233
 1223
 1222
 1218
ת 1215
 1214
ů 1210
 1204
 1193
 1182
 1181
ȡ 1180
 1178
 1176
˿ 1176
 1174
 1169
 1168
 1164
 1162
 1162
 1161
 1159
 1153
 1150
 1149
 1138
 1133
 1132
 1129
ƾ 1126
 1123
 1121
 1120
 1120
 1119
 1105
 1105
 1099
 1098
 1095
 1095
 1093
 1093
ɢ 1092
 1091
 1089
 1085
ǳ 1084
 1076
Ժ 1072
 1066
Լ 1057
ס 1057
 1055
 1053
ϲ 1050
 1042
 1041
 1034
 1028
 1025
 1025
 1023
 1022
 1022
 1021
 1020
 1019
 1010
 1010
԰ 999
 999
 997
 996
ʤ 987
 980
 979
 979
 978
 976
 965
 961
Ʈ 961
 959
 959
 954
Ԫ 948
 932
 931
Ӣ 929
 929
 928
 927
 924
 920
 917
 913
 909
ϼ 908
 903
 899
 898
 897
 897
Ũ 896
Ū 894
 893
 893
 887
 887
 886
 885
Ҫ 881
 868
 865
 863
ϧ 858
 857
 857
 852
 847
 846
 841
 838
 837
 828
 826
˯ 825
 819
 815
 814
ӯ 813
 813
 811
 810
Թ 810
 802
 800
ɳ 798
 797
Ϧ 796
 795
 794
 792
 790
 788
 785
Ƭ 785
 784
 781
 781
 781
 780
ʯ 779
ӳ 776
 776
 776
̾ 775
 773
 767
 766
Ŀ 764
 762
 761
 759
ָ 759
 758
 754
 753
 748
̫ 748
 747
 747
 746
 744
 738
 737
 737
Ů 734
 730
ң 728
 728
 725
 724
 724
 722
 721
 720
 719
 717
 717
 713
Ը 713
 713
 712
 708
 707
Ƶ 706
 700
 700
 698
 698
Ļ 695
 691
ҡ 689
 686
 685
 682
 682
 680
 679
 678
Ұ 678
Я 677
ʶ 677
 676
ʹ 672
ϴ 670
 665
 665
 663
 663
 660
 656
 654
 649
 648
 645
 644
 643
 636
 636
 636
 636
 634
 633
 630
 629
ԧ 628
 628
 627
Ϣ 624
Ȱ 623
 621
 618
 618
ƫ 615
л 615
ռ 614
 612
 611
 609
 608
 608
 608
 607
 600
 599
 598
 597
Ϸ 594
 592
 591
 587
 587
 586
 586
 585
 585
 582
Ω 580
 579
ֱ 579
 578
 577
 577
ʪ 574
 574
 573
 573
 569
 569
 569
 568
 567
 567
 567
ζ 565
ľ 564
 562
 562
 560
 559
 558
 558
 557
 556
 555
 554
͸ 553
ӵ 553
 553
 551
 551
Ÿ 551
 550
 549
 547
 547
Բ 546
 544
 543
 542
 541
 539
 538
 538
է 535
 533
 532
 531
 529
 527
 525
 525
 524
 522
Ⱥ 519
 518
 517
 517
¯ 515
 514
 514
 513
 512
 512
 510
 510
 509
 508
 508
 508
 507
 507
׷ 506
 506
 503
 502
 500
 500
 499
 499
 499
á 498
 497
 497
 496
 495
 494
 494
д 494
 494
Ȫ 493
 492
 492
 491
 491
 490
İ 490
 490
ף 489
 489
 488
 486
 485
 485
 483
 482
ӭ 482
 482
 481
 481
 479
 479
© 478
 478
 477
 476
 475
ѧ 475
 475
 473
 470
 469
 468
 465
 465
Ⱦ 465
 464
 464
 463
 463
 462
ͨ 461
 461
 461
 459
 458
 457
 457
 456
 455
 454
 454
 453
 452
 451
ǽ 451
 449
Щ 448
 447
ɨ 447
ǡ 447
 446
 445
 445
 445
 445
 443
 442
 442
 441
 440
 438
ɴ 438
 436
 435
 434
 433
޹ 433
 433
 432
 431
 430
 430
 430
 429
 428
 427
 426
 425
 424
Ե 422
 421
 420
 419
 419
 417
 417
 416
 415
 413
 412
 411
 411
 410
ͼ 410
 409
 408
ǲ 407
 406
 404
 403
 401
 400
ܽ 400
Σ 397
ǿ 397
 397
ϵ 396
 394
 392
 392
 391
 389
˥ 389
ñ 389
 388
 387
 387
 387
 387
 386
 386
 386
 385
 385
 385
 384
 384
 384
ȫ 383
 383
 382
 382
 381
 381
 380
 378
 378
 377
 377
 376
 375
ѹ 375
ã 375
 373
ϡ 373
̸ 372
 372
 372
 369
 369
Χ 369
 368
Է 367
 367
 367
ٻ 366
 366
 365
͵ 365
 364
 364
ϯ 363
 363
 363
 360
 360
 360
 359
 358
̤ 357
 357
 354
 354
 353
 353
ҵ 352
 351
 351
 351
 350
 349
 349
 348
̬ 348
 348
 348
 346
 346
 345
 345
 344
չ 344
 344
 343
 343
 343
 342
 342
 340
 340
 340
 340
 340
 339
 338
 337
 336
 336
 335
 335
 333
ȹ 333
̦ 332
 331
 331
 330
 330
 330
 330
 329
 328
 328
 327
 327
 327
 327
ͩ 327
 326
 326
ʳ 325
׹ 325
 324
 324
į 323
 323
 322
 321
ʡ 321
 321
 321
 319
 319
 319
 316
 316
ѻ 315
 315
 315
ȵ 315
 314
 313
ʿ 311
 311
 310
 309
 309
 309
 309
 307
 307
گ 307
 307
 307
 306
 306
 306
 304
 303
 302
Į 302
 302
ҩ 302
 301
 300
 300
 299
 299
 299
 298
 298
 298
 296
 296
 295
 295
ʢ 294
 294
 292
 292
 292
 291
 291
 290
 288
 287
Ǭ 286
 286
 285
Խ 285
֬ 285
 284
 283
Ъ 283
 283
פ 282
 281
 281
 280
 280
 279
 279
 278
û 278
 277
 277
 276
 276
 276
 275
 274
 274
 273
 272
 272
 271
ͣ 271
ĸ 270
 269
͡ 269
 269
 269
 269
 268
 267
ʥ 267
 267
̴ 266
 266
 266
 266
Ǯ 265
 265
 265
 265
 265
 265
ţ 265
Ƚ 264
 263
 263
 262
 262
׳ 262
 262
֯ 262
 262
 262
Ѭ 261
 260
 259
 258
 258
 257
 257
 257
é 257
 257
 257
 257
 256
 256
 256
 256
 256
׺ 254
 254
 254
 252
 252
 252
 252
 252
ǣ 251
 251
 251
 250
 250
 250
 249
 249
 249
 247
 247
 247
ī 247
Х 246
 246
ͭ 246
 246
 245
 245
 245
 245
 244
ͯ 244
 243
 243
 242
 242
 240
 240
ֹ 240
Ӯ 240
 239
 239
 239
 239
Ȥ 239
 238
 238
ӽ 237
 237
 236
 236
 235
յ 234
 234
 233
 232
 232
մ 232
 231
 231
 231
 231
æ 231
 230
 230
 230
 230
 230
 229
ʣ 229
 229
 229
Ƽ 227
 227
 227
 226
 226
 226
ԭ 226
 226
 225
 225
 224
 224
 224
 224
ӡ 224
 222
 222
 222
 222
 222
֥ 222
 221
 221
 221
 220
 220
 220
 219
 219
 219
ʧ 219
 219
 218
 218
 218
־ 217
 216
 216
 215
 215
 214
 214
 214
 214
 214
 214
 214
 213
 213
ɪ 213
 212
Դ 211
 210
 210
 209
 209
 208
 208
 207
 207
 207
ƻ 207
 207
 207
 206
 206
 206
 206
 206
 205
 205
 205
 205
 205
 205
ժ 204
 203
 203
 202
 202
 202
 202
׭ 202
 201
 201
 200
 200
β 200
ɣ 200
 200
 199
 199
 199
̰ 199
 199
 199
 198
 198
 198
 198
 197
 197
ʰ 197
ֽ 197
 196
 196
ע 196
 196
 196
 196
ż 195
 195
 194
 194
 193
 193
 193
 193
® 193
 192
 192
ڤ 191
ѫ 189
 189
 189
 189
ش 188
 188
 188
 188
 187
ƿ 187
 186
 186
 186
 186
 186
 186
 186
 185
 185
 185
 185
 185
 185
Ԩ 185
 183
 183
 183
 183
 182
 182
 181
 181
 181
 181
ź 181
Ǧ 181
ɧ 181
 180
 180
 179
 179
 179
 179
 179
 179
 178
 178
 178
 177
 177
 177
 176
 176
 176
 176
 176
 176
 175
 175
 175
 175
 174
Ͷ 174
 174
 174
 173
 173
 173
 173
 173
Ϭ 172
 172
 172
 172
 171
 171
 171
 171
 170
 170
 170
 170
 169
 169
 169
 168
 168
 168
 168
 168
 168
 168
« 167
Ʒ 167
 167
 167
 167
 166
 166
 166
 166
 166
ĥ 166
Գ 165
 165
 165
 165
 165
 165
ޱ 164
̽ 164
 163
 163
 163
ū 163
 163
 162
 162
 162
 161
 161
׼ 161
 161
 161
ԡ 161
 161
ޥ 160
 160
 160
 160
 160
Ƿ 159
 159
 159
 159
 159
 159
 159
 158
 158
 158
 158
 158
Ө 158
 158
Ѽ 158
 158
 157
ȱ 157
 156
¤ 156
 156
ʼ 156
 156
ұ 155
 155
 155
 155
 154
 154
 154
 154
 154
 154
 153
ɺ 153
 153
 153
 153
 153
 153
 152
 152
 151
 151
 151
 151
 151
 151
 150
װ 150
 150
 150
 150
 150
 150
 149
 149
 149
 148
 148
 148
 148
 148
 147
 147
 147
ĵ 147
 146
 146
 146
 145
 145
 145
ͧ 145
Ħ 145
 144
 144
ˬ 144
 144
 144
 143
 143
 143
 143
 143
 143
 143
 143
ͽ 142
ʦ 142
 142
 142
 141
ô 141
 141
ҷ 141
 141
Ĩ 140
 140
 139
 139
 139
 139
 138
 138
 138
 138
 138
 137
 137
 137
ʷ 136
 136
 135
 135
 135
 135
 135
 135
 135
 135
ɭ 134
 134
 134
 134
 134
 134
 134
խ 134
 133
ÿ 133
 133
 133
 133
 132
 132
 132
 132
 132
 132
 131
Ǳ 131
 131
Ң 131
 131
 131
q 131
 131
 130
ɱ 130
˻ 130
ï 130
ٯ 130
 130
 129
 129
 129
 129
 129
 128
 128
 128
 127
 127
 127
 127
ʩ 127
 127
 127
 127
 127
 126
Ǽ 126
 126
 126
 126
 126
 126
 125
 125
 125
Ψ 125
ձ 125
 124
 124
 124
 124
 124
 124
 124
 124
 124
 123
 123
 123
 123
 123
ʹ 122
 122
 122
˹ 122
 122
 122
 122
 122
 121
 121
 121
 121
 121
 121
ν 121
ɦ 121
 121
֧ 121
 120
 120
ά 120
 120
ӣ 120
 120
 120
 120
 120
 120
ί 119
 119
 119
 118
հ 118
 118
 118
 118
 118
ë 118
 117
 117
 117
 117
 117
 117
 116
 116
 116
 116
 115
 115
 115
Ь 115
 115
 115
 115
ʵ 114
 114
Ѫ 114
 114
 114
 113
 113
 113
 113
 113
 113
 113
 113
 113
 113
 112
 112
 112
 112
 112
 111
 111
ӧ 111
 111
 111
Ͼ 111
 111
 111
ı 111
 111
 111
 110
ƪ 110
 110
Ӫ 110
 110
 110
 109
 109
 109
 109
 109
 109
 109
 109
 109
 109
լ 108
 108
 108
 108
 108
 108
 107
Ԧ 107
 107
 107
 107
 107
Ͽ 107
̶ 107
ӿ 107
 107
 107
ݻ 107
 106
 106
 106
 106
μ 106
 106
 106
 106
˾ 106
 106
 105
 105
 105
 105
 105
 105
 105
 104
 104
 104
 104
 104
 104
 104
ò 103
 103
ө 103
ս 103
Һ 103
 103
ѿ 103
 103
 103
 102
 102
 102
 102
 102
 102
 102
 101
 101
 101
 101
 101
 101
 101
ҫ 101
 101
 101
 101
 101
 101
 101
 100
 100
 100
ֵ 99
 99
 99
 99
 99
 99
 99
 99
 98
 98
Ϳ 98
 98
ѭ 97
 97
 97
 97
 97
Ѷ 97
 96
 96
 96
 96
 96
 96
 96
ز 96
 96
 96
 96
ѡ 95
 95
; 95
 95
 95
 95
 95
 95
 94
ޤ 94
 94
 94
 94
Ի 94
 94
 94
 94
 93
 93
 93
 93
 93
 93
 92
 92
 92
 92
 92
 92
 92
 92
 92
\ 92
 91
 91
 91
 91
 91
к 91
 91
 91
 91
½ 91
 91
 91
ի 90
 90
 90
 90
 90
 89
 89
 89
 89
 89
 89
 89
 89
 89
 89
 89
 89
 89
Ǿ 89
 89
 89
 89
 89
 88
Ѳ 88
ģ 88
 88
 88
ݱ 88
 88
 88
 87
֫ 87
 87
 87
 87
 87
 87
κ 87
 86
» 86
ĩ 86
 86
 85
 85
 85
 85
 85
 85
 85
 85
 85
ɰ 85
 85
պ 84
 84
 84
Ѯ 84
 84
 84
 83
 83
 83
 83
 83
 83
 83
 83
 83
ׯ 83
 83
 83
ŭ 82
 82
 82
 82
 82
ƥ 82
¹ 82
 82
̲ 82
 82
 82
 82
 82
 81
 81
 81
 81
 81
޼ 81
 81
 81
 81
ɮ 80
Ǩ 80
 80
 80
 80
 80
 80
Ӻ 80
 80
ȸ 80
a 80
 80
 80
V 80
 80
 80
 79
 79
 79
 79
 79
 79
 79
 79
Ķ 79
 79
 78
 78
 78
 78
 78
 78
 78
ޡ 78
 78
 77
 77
 77
Ծ 77
 77
 77
 77
 77
 77
 77
 77
 77
 76
 76
 76
 76
 76
տ 76
 76
 76
 76
 76
 76
 76
 76
 75
 75
 75
 75
 75
ԫ 75
 75
 75
ƶ 75
 75
 75
 74
 74
˴ 74
 74
 74
 74
 74
 74
ϥ 74
 74
 74
 73
 73
¬ 73
 73
 73
 73
Ư 73
 73
 73
 73
 73
ο 73
 73
 73
 73
ϣ 73
 72
 72
 72
 72
޺ 72
 72
 72
 72
 72
 72
 72
 72
³ 72
 72
 72
 72
 71
 71
 71
 71
 71
 71
ũ 71
 71
м 71
 71
 70
 70
 70
 70
 70
 70
 70
 70
 70
 70
 70
 70
 69
 69
˽ 69
 69
 69
 69
 69
 69
 69
 69
 69
 68
 68
 68
 68
ܰ 68
 68
 68
 68
 68
² 67
 67
 67
Ԣ 67
 67
 67
 67
 67
 67
 67
 67
 67
 67
 67
 67
̥ 67
ĳ 67
 66
 66
 66
 66
 66
 66
 66
 66
 66
ư 66
 66
 66
 65
 65
 65
 65
 65
 65
 65
 65
â 65
 64
 64
Ч 64
 64
 64
 64
 64
 64
 64
Ҧ 64
 63
_ 63
 63
ݶ 63
 63
 63
 62
ͮ 62
 62
 62
 62
 62
 62
 62
 62
 62
أ 62
 62
 62
 62
 62
 61
 61
 61
˷ 61
 61
¡ 61
 61
 61
 61
 61
 61
 61
϶ 61
X 61
 61
ͦ 60
 60
 60
 60
ж 60
ک 60
 60
 60
 60
 60
 60
 60
 60
з 60
 60
 60
ܼ 60
 59
 59
 59
έ 59
 59
 59
ɷ 59
 59
 59
 59
 59
 59
 59
 59
 59
 58
 58
 58
 58
 58
 58
 58
 58
 58
 58
 58
 57
 57
 57
 57
 57
 57
̩ 57
 57
 57
 57
 57
 57
 57
 57
 57
 56
 56
 56
 56
 56
 56
 56
Ľ 56
 56
 56
 56
 56
 56
 56
 55
 55
 55
 55
 55
 55
 55
 55
 54
ִ 54
 54
ӫ 54
 54
 54
 54
 54
 54
 54
\ 54
 54
ϰ 54
 53
 53
 53
 53
L 53
 53
 53
ý 53
 53
 53
֣ 53
 53
 53
 53
 53
׾ 53
ֲ 53
 53
 52
й 52
ٱ 52
 52
λ 52
 52
 52
 52
 52
 52
 52
 52
 52
 52
 52
 52
 52
 51
 51
 51
 51
 51
 51
s 51
ܯ 51
ͫ 51
 51
 51
Ѩ 51
 51
 51
״ 51
̳ 51
 51
ʸ 51
 51
 50
Ρ 50
 50
 50
˲ 50
 50
 50
 50
 50
 50
 50
 50
 50
 50
 50
 50
 49
g 49
 49
ɯ 49
 49
 49
 49
 49
 49
 49
 49
 49
 49
 49
 49
 49
 49
 49
 49
 49
 49
Ȯ 49
 49
Ԥ 49
Ͳ 49
 48
Ȩ 48
 48
 48
 48
 48
 48
˧ 48
ǩ 48
 48
Ү 48
 48
ΰ 48
 47
 47
 47
 47
 47
 47
 47
 47
 47
 47
ר 47
 47
 46
 46
г 46
 46
L 46
 46
N 46
 46
 46
 46
Ю 46
 46
 46
 45
 45
 45
߯ 45
ԩ 45
 45
 45
 45
 45
 45
 45
 45
 45
 45
 45
 45
 45
 45
ǻ 45
 44
 44
 44
 44
Ӭ 44
 44
 44
 44
e 44
 44
 44
 44
 44
Ҿ 44
 44
 44
 44
 44
 44
 44
 43
 43
k 43
 43
P 43
 43
 43
 43
 43
 43
Υ 43
 43
 43
Ϯ 43
 43
 43
 43
 43
 43
 42
 42
 42
 42
 42
 42
 42
 42
ҽ 42
 42
 42
 42
 42
 42
 42
Ĭ 42
] 42
 42
 42
 42
 42
 42
 42
Ҵ 42
 42
 41
̧ 41
 41
 41
η 41
 41
I 41
 41
 41
 41
 41
u 41
 41
Ƴ 41
 41
 41
 41
 40
 40
 40
 40
ڽ 40
 40
 40
 40
 40
͢ 40
 40
 40
 40
Т 40
 40
 40
ç 40
 40
ӹ 39
 39
 39
 39
 39
@ 39
o 39
 39
 39
 39
 39
 39
 39
 39
 39
 39
¿ 39
 39
 39
 39
ھ 39
ƴ 39
 38
 38
 38
 38
ѥ 38
˳ 38
 38
 38
 38
 38
 38
 38
 38
 38
ɬ 38
ͻ 38
 38
 38
ҥ 37
 37
 37
 37
 37
 37
 37
 37
 37
 37
 37
 37
 37
 37
 37
 37
 37
 37
 37
Ӥ 37
Կ 37
 37
 37
 37
 36
 36
 36
 36
 36
ި 36
 36
 36
 36
 36
 36
 36
 36
 36
 36
 36
 36
 36
 36
 36
 36
 36
ְ 36
 35
 35
 35
 35
 35
 35
 35
 35
 35
 35
_ 35
 35
 35
 35
 35
 35
 35
 35
 35
ة 35
 35
 35
 35
 35
 35
 35
 35
 34
 34
 34
 34
 34
 34
ծ 34
 34
 34
ܿ 34
 34
 34
 34
 34
 34
 34
 34
 34
 34
J 34
 34
 34
 34
 34
 34
 34
 34
ն 34
 34
 34
 34
Ƥ 34
 34
 34
 34
 34
 34
 33
 33
 33
 33
t 33
ú 33
 33
 33
 33
 33
 33
h 33
} 33
¼ 33
 33
 33
 33
 33
 33
 33
 33
Τ 33
 33
 33
ѷ 33
 33
۫ 33
 33
 33
 33
 33
 33
 32
 32
 32
 32
 32
 32
 32
 32
 32
Ҹ 32
 32
 32
 32
 32
 32
Э 32
 32
 32
 32
| 32
 32
ּ 32
 32
 32
 32
r 32
 31
 31
 31
 31
 31
 31
 31
 31
 31
£ 31
 31
 31
 31
 31
 31
 31
ڣ 31
 31
 31
 31
 30
 30
 30
 30
 30
 30
 30
 30
 30
 30
 30
 30
 30
ޢ 30
 30
 30
 30
 30
 30
´ 30
 30
 30
 30
Ԯ 30
 30
 30
 30
G 30
 30
 29
Ǣ 29
 29
 29
 29
 29
 29
 29
Z 29
 29
 29
 29
 29
 29
 29
 29
 29
 29
 29
 29
 29
 29
 29
 29
ӥ 29
 29
 29
 29
 29
 29
 29
 29
 29
 29
 28
 28
 28
 28
Ѹ 28
 28
 28
 28
 28
 28
 28
ħ 28
 28
 28
 28
 28
 28
 28
 28
 28
 28
 28
ϻ 28
ٲ 28
 28
 28
٧ 28
 28
 28
 28
 28
 28
 28
ɥ 27
 27
 27
 27
 27
 27
` 27
 27
 27
 27
 27
 27
 27
 27
 27
 27
 27
 27
 27
 27
 27
ؾ 27
µ 27
 27
 27
 27
 27
 27
 27
 26
 26
 26
 26
 26
ݮ 26
 26
 26
 26
 26
 26
 26
 26
 26
ܦ 26
 26
 26
ԯ 26
 26
ߪ 26
 26
 26
 26
 26
 26
 26
 26
 26
 26
 26
 25
 25
 25
 25
̿ 25
 25
 25
ɸ 25
 25
 25
 25
 25
 25
 25
 25
 25
 25
 25
 25
 25
 25
 25
 25
 25
 24
G 24
 24
 24
 24
 24
Ѻ 24
 24
 24
ߵ 24
ŷ 24
ճ 24
Ƣ 24
׽ 24
 24
 24
 24
 24
 24
 24
 24
ѣ 24
ع 24
 24
 24
ש 24
 24
 24
Ƹ 24
 24
 24
 24
 24
 23
 23
ð 23
 23
ٿ 23
 23
 23
 23
 23
 23
 23
 23
 23
 23
 23
 23
 23
 23
׿ 23
ö 23
 23
 23
γ 23
 23
 23
 23
 23
 23
 23
 23
 23
 23
 23
 23
 23
 23
ϭ 23
 23
 22
 22
 22
 22
 22
 22
 22
 22
 22
ȭ 22
 22
 22
ͺ 22
 22
 22
 22
 22
 22
 22
 22
 22
 22
 22
 22
 22
 22
 22
 22
 22
 22
 22
 22
 22
I 21
 21
v 21
٭ 21
 21
 21
 21
 21
 21
 21
 21
 21
 21
 21
 21
 21
 21
 21
 21
 21
 21
 21
 21
 21
 21
 21
 21
 21
 21
 21
 21
У 21
̷ 21
 21
 21
 21
 21
Ŷ 21
 21
 21
 21
 21
ǹ 21
ʨ 21
 21
 21
Ž 21
 20
 20
F 20
 20
 20
 20
 20
 20
 20
 20
 20
 20
 20
 20
 20
 20
 20
 20
׶ 20
 20
 20
 20
 20
 20
 20
 20
 20
 20
 20
 20
 20
 20
 20
 20
ʾ 20
 20
 20
 20
 20
 20
 20
 20
 20
 20
 20
 20
 20
 20
 19
 19
 19
 19
 19
 19
 19
 19
 19
 19
 19
޵ 19
Ϥ 19
 19
 19
 19
 19
 19
ȼ 19
 19
 19
 19
 19
 19
 19
 19
 19
 19
 19
 19
 19
 19
 19
 19
 19
 19
 19
 19
 19
 19
 19
 19
 19
 19
 19
 19
 19
 19
 19
 19
 18
l 18
 18
 18
ޫ 18
ɡ 18
 18
 18
 18
 18
 18
 18
î 18
 18
 18
 18
̹ 18
 18
 18
 18
 18
 18
 18
ެ 18
 18
ʻ 18
 18
 18
 18
 18
 18
 18
 18
 18
 18
 18
 18
 17
 17
ײ 17
 17
 17
 17
 17
 17
g 17
 17
 17
 17
 17
 17
 17
 17
 17
 17
 17
 17
 17
 17
 17
 17
 17
ª 17
 17
 17
 17
 17
 17
 17
 17
߳ 17
ڷ 17
ٹ 17
 17
 17
 17
 17
 17
 16
 16
Ϻ 16
ˣ 16
 16
 16
 16
ߢ 16
 16
 16
 16
 16
 16
Ա 16
 16
 16
 16
 16
 16
 16
 16
ĭ 16
 16
 16
 16
ǭ 16
 16
 16
 16
 16
 16
 16
 16
 16
 16
 16
 16
 16
 16
 16
 16
 16
F 16
 16
 16
 16
 16
 16
 16
 16
 16
 15
 15
ҭ 15
 15
 15
 15
 15
޿ 15
 15
 15
 15
 15
W 15
 15
 15
 15
 15
 15
 15
 15
 15
 15
 15
 15
 15
Ԭ 15
 15
 15
 15
ڵ 15
ϫ 15
 15
 15
 15
 15
 15
 15
 15
ۡ 15
 15
 15
۴ 15
 15
 15
 14
 14
 14
 14
 14
 14
 14
 14
 14
 14
 14
 14
ߡ 14
 14
 14
 14
 14
 14
 14
 14
 14
а 14
 14
 14
 14
 14
ξ 14
 14
 14
 14
љ 14
 14
ܩ 14
΅ 14
 14
 14
 14
˸ 14
 14
 14
 14
 14
ӱ 14
 14
 14
 14
 14
 14
 14
 14
ѯ 14
ʽ 14
 14
 14
 14
 14
 14
 13
ԥ 13
׬ 13
 13
 13
t 13
 13
ܷ 13
j 13
 13
 13
 13
 13
 13
 13
 13
 13
 13
 13
 13
 13
 13
н 13
ɼ 13
 13
 13
 13
 13
 13
 13
 13
ġ 13
 13
 13
 13
ݥ 13
 13
 13
 13
 13
 13
 13
 13
̣ 13
 13
 13
 13
 13
 13
 13
 13
 13
 13
 13
 13
 13
 13
Ñ 13
 12
 12
 12
 12
ܱ 12
 12
 12
i 12
 12
 12
o 12
 12
 12
 12
H 12
ܲ 12
 12
 12
 12
 12
 12
 12
 12
 12
 12
 12
Ƨ 12
 12
 12
 12
 12
 12
 12
 12
 12
޾ 12
 12
 12
 12
 12
 12
 12
 12
 12
 12
 12
 12
ٰ 12
 12
 12
 12
 12
 12
 12
 12
 12
 12
} 12
 12
 12
 12
 12
 11
 11
ŵ 11
 11
 11
 11
 11
 11
 11
 11
Ӿ 11
 11
 11
 11
u 11
 11
 11
 11
 11
` 11
 11
 11
ͳ 11
 11
 11
T 11
 11
 11
 11
 11
 11
 11
 11
 11
 11
 11
 11
 11
׫ 11
 11
 11
 11
 11
 11
 11
ޭ 11
 11
o 11
 11
 11
 11
 11
 11
 11
 11
Ѥ 11
 11
ب 11
 11
 11
 11
 11
 11
 11
 11
 11
 11
 11
 11
Ͻ 11
ɲ 11
 11
 11
` 11
 11
 11
 11
Ф 11
 11
 11
ε 11
 11
 11
Ȧ 11
 11
ʭ 11
 11
 11
 11
 10
 10
Ʃ 10
 10
ǵ 10
 10
 10
 10
 10
 10
 10
 10
ѵ 10
 10
 10
ޯ 10
 10
 10
 10
 10
 10
 10
 10
 10
 10
Ѧ 10
 10
 10
 10
 10
ݷ 10
 10
 10
 10
 10
 10
Ĺ 10
 10
 10
ݸ 10
 10
 10
 10
ާ 10
 10
 10
 10
 10
 10
 10
 10
 10
 10
 10
 10
 10
 10
 10
A 10
 10
 10
 10
 10
J 10
 10
 10
 10
 10
 10
 10
 10
 10
 10
 10
 10
 10
ۻ 10
 10
 9
\ 9
Ţ 9
 9
շ 9
 9
ƣ 9
 9
o 9
 9
 9
 9
 9
Ӳ 9
 9
 9
 9
 9
f 9
 9
 9
 9
i 9
 9
 9
צ 9
 9
 9
 9
 9
 9
 9
 9
 9
 9
 9
 9
 9
Ż 9
 9
d 9
 9
 9
` 9
 9
 9
 9
 9
 9
 9
 9
 9
 9
 9
G 9
 9
 9
֤ 9
 9
 9
 9
 9
` 9
 9
 9
 9
ѱ 9
߮ 9
 9
 9
 9
 9
 9
 9
 9
 9
 9
 9
 9
 9
 9
 9
 9
 9
 9
 9
 9
 9
 9
 9
 9
 9
 9
 9
 9
 9
ؽ 9
Ʋ 9
 9
­ 9
| 9
 9
 9
 9
 9
 9
 9
 9
 9
 9
O 9
 8
N 8
 8
 8
 8
 8
 8
 8
 8
 8
 8
 8
 8
 8
 8
 8
 8
e 8
 8
 8
 8
 8
 8
 8
 8
d 8
 8
 8
 8
 8
 8
 8
 8
 8
 8
 8
 8
 8
 8
 8
 8
 8
 8
 8
 8
 8
 8
 8
߿ 8
 8
 8
n 8
ȯ 8
 8
 8
 8
 8
 8
 8
[ 8
 8
 8
 8
 8
 8
 8
 8
 8
 8
 8
 8
 8
 8
 8
 8
ٵ 8
 8
 8
 8
 8
 8
 8
 8
b 8
 8
 8
ջ 8
 8
i 8
ڥ 8
ر 8
 8
 8
 8
 8
ү 8
 8
 8
Q 8
N 8
 7
O 7
 7
 7
ʊ 7
 7
 7
i 7
J 7
 7
 7
 7
 7
 7
 7
ɹ 7
 7
 7
 7
 7
 7
 7
 7
 7
 7
 7
 7
 7
 7
Ϲ 7
 7
 7
 7
 7
 7
 7
 7
ٽ 7
 7
 7
 7
 7
 7
 7
 7
 7
 7
ˢ 7
 7
 7
 7
 7
 7
U 7
 7
 7
 7
 7
 7
 7
 7
 7
 7
 7
 7
 7
 7
 7
 7
׵ 7
 7
 7
 7
o 7
 7
 7
 7
 7
 7
߶ 7
 7
 7
 7
 7
 7
 7
 7
 7
 7
 7
 7
 7
 7
 7
 7
 7
 7
 7
 7
 7
 7
 7
 7
 7
 7
 7
 7
 7
 7
 7
 7
 7
 7
s 7
 7
 7
L 7
 7
ʲ 7
Ŧ 7
 7
 7
 7
 7
 7
˶ 7
 7
õ 7
 7
 7
 7
 7
 7
 7
 7
 7
 7
 7
 7
 7
 7
 6
v 6
 6
 6
 6
s 6
 6
 6
[ 6
 6
x 6
p 6
 6
 6
 6
 6
 6
 6
 6
 6
 6
̯ 6
 6
 6
 6
 6
 6
 6
ܤ 6
K 6
ַ 6
Ȣ 6
 6
 6
 6
 6
 6
 6
 6
 6
b 6
 6
 6
Ŋ 6
 6
 6
 6
J 6
 6
 6
 6
\ 6
 6
 6
 6
 6
 6
 6
 6
 6
 6
 6
D 6
̺ 6
| 6
 6
 6
 6
b 6
¾ 6
 6
 6
 6
 6
 6
F 6
 6
 6
 6
 6
߬ 6
ߥ 6
 6
 6
 6
 6
 6
 6
 6
 6
 6
 6
 6
 6
 6
 6
 6
 6
 6
 6
 6
 6
I 6
 6
 6
 6
 6
ʬ 6
 6
 6
 6
 6
 6
 6
 6
 6
 6
 6
 6
 6
 6
 6
 6
 6
إ 6
B 5
 5
 5
 5
 5
 5
س 5
 5
 5
 5
s 5
 5
 5
 5
 5
Ĥ 5
R 5
 5
 5
 5
 5
 5
 5
 5
 5
t 5
 5
 5
 5
 5
 5
 5
 5
 5
 5
 5
 5
 5
 5
u 5
 5
 5
 5
 5
 5
A 5
Ŭ 5
Y 5
 5
 5
 5
 5
 5
 5
 5
 5
 5
 5
˰ 5
ڭ 5
ڶ 5
 5
 5
 5
 5
 5
 5
 5
ǫ 5
 5
 5
 5
 5
 5
 5
 5
 5
 5
 5
Ű 5
 5
 5
 5
 5
 5
 5
 5
} 5
¦ 5
 5
 5
 5
 5
 5
 5
 5
ֶ 5
 5
 5
 5
 5
 5
 5
 5
 5
α 5
 5
 5
 5
 5
 5
 5
٤ 5
 5
 5
 5
^ 5
 5
 5
 5
~ 5
ä 5
x 5
 5
 5
 5
ۼ 5
 5
 5
 5
 5
Y 5
Y 5
 4
 4
 4
 4
 4
 4
 4
ק 4
 4
 4
 4
 4
 4
գ 4
 4
ѽ 4
 4
 4
֭ 4
 4
 4
 4
 4
 4
 4
[ 4
ت 4
 4
 4
 4
 4
 4
 4
 4
 4
 4
 4
P 4
h 4
z 4
 4
 4
 4
 4
 4
 4
 4
 4
l 4
 4
 4
 4
 4
 4
g 4
 4
 4
 4
 4
 4
 4
 4
ڹ 4
D 4
 4
޴ 4
 4
 4
` 4
 4
 4
 4
 4
\ 4
T 4
 4
 4
 4
ֺ 4
 4
Ͱ 4
 4
¢ 4
 4
 4
Ĳ 4
 4
 4
 4
 4
پ 4
 4
 4
 4
 4
 4
 4
 4
 4
I 4
 4
 4
 4
 4
 4
 4
 4
Є 4
 4
 4
 4
 4
ʴ 4
d 4
 4
 4
 4
 4
ì 4
@ 4
̡ 4
 4
 4
 4
 4
 4
 4
 4
 4
Ѿ 4
 4
 4
 4
X 4
 4
 4
 4
 4
n 4
 4
 4
 4
 4
ذ 4
 4
 4
 4
m 4
ٳ 4
 4
թ 4
 4
 4
 4
 4
 4
 4
ݽ 4
ɾ 4
 4
 4
 4
 4
L 4
 4
 4
 4
 4
٩ 4
 4
 4
 4
 4
ԣ 4
 4
 4
 4
 4
܀ 4
Φ 4
 4
x 4
դ 4
 4
 4
 4
] 4
 4
 4
 4
 4
 4
 4
 4
m 4
 4
ݦ 4
 4
 4
V 4
 4
_ 4
 4
 4
 4
 4
r 4
 4
 4
 4
 4
 4
 4
 3
 3
 3
 3
 3
 3
 3
 3
O 3
 3
d 3
 3
 3
 3
 3
Ӷ 3
 3
 3
 3
ݼ 3
 3
 3
 3
 3
g 3
 3
ʉ 3
 3
 3
 3
 3
 3
 3
 3
 3
 3
 3
 3
ҧ 3
è 3
 3
 3
 3
^ 3
 3
 3
 3
 3
 3
 3
p 3
 3
 3
 3
 3
 3
 3
 3
 3
 3
 3
 3
 3
ޣ 3
۹ 3
 3
 3
X 3
 3
̭ 3
 3
 3
 3
 3
 3
 3
 3
 3
 3
 3
 3
 3
ˡ 3
 3
§ 3
D 3
 3
 3
 3
 3
 3
 3
 3
 3
 3
 3
 3
 3
 3
 3
 3
 3
 3
 3
 3
 3
 3
 3
 3
ۿ 3
 3
θ 3
 3
 3
 3
 3
 3
 3
ŧ 3
 3
 3
 3
 3
 3
 3
 3
 3
 3
 3
 3
 3
 3
ʈ 3
 3
 3
@ 3
 3
 3
 3
 3
޽ 3
 3
 3
۶ 3
 3
 3
 3
 3
 3
 3
 3
 3
 3
 3
 3
| 3
 3
_ 3
` 3
ɩ 3
 3
l 3
 3
 3
 3
 3
 3
 3
I 3
 3
 3
I 3
 3
b 3
L 3
 3
 3
 3
 3
޻ 3
߸ 3
 3
 3
 3
 3
 3
 3
 3
 3
 3
 3
 3
 3
 3
J 3
 3
 3
ķ 3
K 3
 3
 3
 3
 3
 3
 3
 3
۾ 3
 3
 3
 3
ȶ 3
 3
A 3
 3
 3
 3
 3
׻ 3
 3
 3
 3
 3
 3
 3
º 3
W 3
 3
a 3
 3
 3
 3
޲ 3
 3
 3
[ 3
C 3
 3
 3
 3
 3
 3
 3
 3
 3
ڪ 3
Ѵ 3
 3
 3
 3
 3
 3
b 3
 3
 3
 3
r 3
Ȉ 3
 3
ا 3
 3
 3
 3
 3
e 3
 3
 3
 3
 3
 3
 3
 3
K 3
 3
 3
 3
ǥ 3
 3
 3
 3
 3
 3
 3
 3
 3
 3
 3
 2
 2
 2
 2
 2
 2
h 2
 2
 2
ǅ 2
 2
^ 2
֩ 2
 2
X 2
n 2
 2
 2
Ǥ 2
 2
 2
 2
 2
 2
 2
 2
 2
 2
ű 2
֡ 2
 2
~ 2
 2
O 2
ݭ 2
 2
 2
Ŵ 2
 2
 2
P 2
 2
٢ 2
 2
 2
 2
 2
 2
 2
F 2
o 2
 2
 2
 2
 2
O 2
n 2
 2
 2
 2
 2
 2
E 2
 2
 2
 2
 2
 2
ȷ 2
 2
y 2
 2
 2
 2
 2
Ə 2
 2
в 2
 2
 2
 2
r 2
 2
ݪ 2
 2
Ǫ 2
 2
 2
 2
 2
 2
 2
 2
ӻ 2
 2
 2
 2
 2
 2
s 2
 2
 2
 2
 2
 2
 2
 2
 2
 2
 2
 2
 2
̻ 2
 2
 2
 2
 2
 2
 2
 2
 2
 2
 2
 2
 2
x 2
 2
 2
@ 2
w 2
^ 2
 2
 2
 2
 2
 2
 2
m 2
 2
 2
ص 2
 2
} 2
Ċ 2
 2
 2
 2
 2
 2
B 2
 2
 2
 2
Ƕ 2
m 2
 2
 2
 2
 2
˺ 2
r 2
 2
R 2
@ 2
 2
 2
 2
 2
C 2
 2
 2
H 2
Ϩ 2
 2
 2
 2
 2
Ğ 2
 2
 2
 2
 2
 2
 2
ù 2
 2
 2
 2
 2
ո 2
 2
 2
 2
 2
U 2
± 2
 2
Ӛ 2
 2
 2
j 2
 2
n 2
 2
@ 2
 2
r 2
 2
 2
 2
t 2
͹ 2
 2
 2
 2
 2
 2
ݬ 2
 2
 2
w 2
 2
ؤ 2
 2
 2
۸ 2
 2
t 2
բ 2
 2
 2
Z 2
 2
å 2
 2
G 2
 2
 2
 2
g 2
 2
 2
 2
 2
 2
Ҭ 2
 2
m 2
 2
 2
 2
ڿ 2
ʅ 2
 2
 2
 2
 2
 2
F 2
 2
 2
ų 2
 2
 2
 2
׮ 2
 2
 2
 2
 2
ۯ 2
 2
 2
 2
 2
 2
ۭ 2
 2
 2
 2
ٷ 2
 2
@ 2
j 2
 2
ݿ 2
 2
 2
ݹ 2
 2
Q 2
 2
 2
t 2
ݰ 2
 2
x 2
m 2
B 2
 2
d 2
ܺ 2
 2
 2
Œ 2
 2
 2
 2
 2
 2
 2
 2
 2
D 2
 2
 2
 2
g 2
կ 2
 2
 2
 2
 2
 2
 2
 2
 2
 2
 2
Ҩ 2
H 2
 2
 2
 2
U 2
˱ 2
 2
s 2
 2
ń 2
 2
 2
\ 2
 2
 2
 2
 2
 2
е 2
F 2
 2
 2
 2
 2
j 2
 2
 2
m 2
] 2
 2
 2
 2
 2
c 2
 2
 2
 2
 2
 2
٥ 2
F 2
 2
 2
 2
D 1
E 1
A 1
F 1
 1
 1
 1
F 1
 1
Ւ 1
 1
 1
 1
 1
 1
ƃ 1
K 1
S 1
Q 1
 1
 1
 1
 1
 1
 1
 1
 1
 1
 1
 1
 1
Ӕ 1
 1
 1
F 1
 1
q 1
 1
 1
 1
 1
 1
 1
G 1
 1
 1
 1
 1
 1
i 1
 1
{ 1
 1
 1
p 1
 1
 1
Ų 1
x 1
d 1
 1
 1
 1
 1
 1
 1
 1
g 1
\ 1
ۧ 1
 1
H 1
 1
 1
 1
 1
 1
° 1
 1
 1
 1
 1
 1
 1
E 1
 1
u 1
W 1
 1
 1
 1
 1
ߨ 1
 1
 1
 1
 1
 1
 1
 1
 1
 1
W 1
o 1
_ 1
 1
J 1
ƒ 1
 1
 1
 1
D 1
 1
ȧ 1
ι 1
 1
l 1
 1
 1
 1
 1
 1
q 1
 1
{ 1
 1
 1
 1
 1
¸ 1
 1
Ǵ 1
 1
P 1
 1
 1
 1
I 1
Q 1
 1
 1
 1
 1
ݒ 1
 1
 1
 1
 1
 1
 1
z 1
 1
 1
 1
q 1
 1
 1
 1
 1
 1
 1
 1
 1
 1
Z 1
 1
 1
h 1
 1
y 1
 1
ݳ 1
 1
n 1
 1
 1
 1
 1
q 1
 1
 1
 1
 1
 1
B 1
 1
 1
 1
ܣ 1
S 1
 1
 1
 1
 1
 1
 1
ލ 1
h 1
 1
 1
 1
ϙ 1
 1
Ӽ 1
 1
 1
 1
 1
` 1
{ 1
 1
_ 1
 1
 1
 1
 1
 1
c 1
 1
Q 1
 1
W 1
 1
 1
 1
U 1
ߍ 1
H 1
 1
p 1
 1
h 1
 1
d 1
 1
 1
 1
 1
 1
s 1
 1
 1
 1
 1
 1
v 1
 1
ۦ 1
~ 1
k 1
^ 1
 1
 1
ۨ 1
 1
 1
 1
 1
o 1
 1
 1
 1
 1
X 1
 1
 1
 1
ٮ 1
 1
B 1
 1
P 1
 1
 1
 1
 1
 1
 1
 1
n 1
 1
ް 1
 1
 1
 1
p 1
 1
 1
 1
A 1
Ҽ 1
 1
 1
 1
 1
 1
 1
{ 1
ٺ 1
ѳ 1
 1
ީ 1
 1
 1
D 1
 1
 1
 1
c 1
 1
 1
 1
 1
 1
 1
W 1
 1
 1
Z 1
 1
 1
 1
 1
 1
 1
m 1
 1
\ 1
 1
 1
^ 1
 1
 1
W 1
с 1
 1
 1
 1
 1
 1
 1
 1
\ 1
Ѝ 1
r 1
ڮ 1
 1
z 1
 1
٪ 1
Л 1
 1
 1
 1
 1
 1
 1
 1
c 1
 1
 1
o 1
 1
 1
{ 1
N 1
 1
 1
{ 1
V 1
ֿ 1
 1
Ǹ 1
 1
p 1
 1
m 1
 1
 1
 1
 1
\ 1
 1
 1
 1
 1
 1
` 1
 1
 1
 1
 1
 1
 1
 1
 1
 1
q 1
 1
 1
M 1
 1
 1
 1
Q 1
O 1
נ 1
 1
 1
 1
 1
Y 1
t 1
ګ 1
 1
M 1
e 1
i 1
 1
 1
 1
ߞ 1
 1
 1
 1
 1
 1
 1
 1
 1
О 1
 1
 1
 1
 1
 1
׸ 1
 1
 1
 1
ƺ 1
 1
 1
U 1
j 1
 1
 1
 1
 1
 1
 1
 1
 1
i 1
 1
 1
 1
 1
̍ 1
 1
 1
ߧ 1
 1
 1
ަ 1
ݫ 1
 1
U 1
 1
 1
Y 1
 1
 1
 1
 1
 1
̵ 1
 1
B 1
 1
 1
ܳ 1
 1
 1
 1
 1
 1
 1
 1
 1
ܢ 1
 1
 1
 1
 1
 1
 1
 1
p 1
s 1
 1
 1
 1
 1
 1
 1
J 1
Y 1
خ 1
C 1
ڼ 1
g 1
 1
H 1
ݵ 1
Ʊ 1
 1
 1
߁ 1
ބ 1
 1
~ 1
 1
 1
 1
 1
g 1
 1
 1
 1
 1
r 1
 1
ȣ 1
 1
ʍ 1
 1
 1
 1
N 1
 1
G 1
 1
 1
˕ 1
 1
 1
Q 1
 1
 1
z 1
F 1
U 1
ղ 1
 1
U 1
y 1
 1
U 1
O 1
A 1
W 1
 1
 1
 1
 1
ۗ 1
 1
Z 1
 1
m 1
 1
 1
 1
 1
 1
 1
^ 1
r 1
ڻ 1
 1
i 1
F 1
_ 1
 1
 1
 1
r 1
 1
̢ 1
 1
 1
A 1
Ы 1
V 1
 1
 1
 1
 1
z 1
 1
s 1
{ 1
 1
 1
 1
 1
 1
[ 1
\ 1
` 1
} 1
 1
 1
 1
 1
t 1
 1
 1
N 1
 1
ǯ 1
 1
 1
 1
W 1
 1
u 1
 1
 1
 1
 1
 1
 1
ݐ 1
Е 1
 1
 1
 1
 1
ֳ 1
 1
 1
{ 1
 1
 1
^ 1
ۖ 1
 1
 1
 1
 1
ܶ 1
 1
m 1
 1
ں 1
 1
 1
ۣ 1
r 1
 1
 1
 1
 1
 1
 1
 1
 1
 1
 1
M 1
g 1
 1
a 1
 1
 1
 1
 1
 1
 1
v 1
 1
 1
 1
 1
 1
 1
 1
P 1
 1
 1
 1
د 1
۵ 1
 1
 1
 1
} 1
 1
ή 1
 1
 1
~ 1
 1
 1
 1
 1
Z 1
 1
 1
E 1
 1
 1
 1
 1
 1
 1
 1
 1
 1
f 1
 1
ߩ 1
 1
 1
 1
 1
q 1
} 1
 1
 1
 1
m 1
 1
 1
 1
 1
 1
K 1
ٸ 1
 1
Y 1
 1
 1
 1
 1
 1
 1
 1
 1
ڦ 1
ظ 1
 1
C 1
 1
 1
_ 1
 1
 1
 1
 1
x 1
ܭ 1
 1
 1
 1
L 1
J 1
ڸ 1
 1
 1
 1
Q 1
 1
 1
ʺ 1
 1
 1
 1
 1
 1
 1
 1
 1
 1
 1
a 1
 1
 1
n 1
 1
 1
 1
 1
 1
 1
F 1
 1
 1
ê 1
Ǐ 1
 1
 1
 1
~ 1
 1
 1
 1
 1
 1
 1
d 1
υ 1
 1
 1
 1
 1
 1
